$ANSIBLE_VAULT;1.1;AES256
62663962373966306163336631346538313934306232636664383939313464646566326432626435
3934366635313963363533333864636535383063336439310a663266363061623631353231343130
30363234336433396631333838363731373234313235343537363636313761326139616231666362
6265336336343138610a613239396339336463346266353636373162353637343666623565653436
38366639666561393139333964646438656465356661343334356631313636376437653737633533
64366335643835316635613264396363613431663230383362613933653832636335333431653439
36646563306138346534656566326639623965356437386136343334636661353433386136386263
64383561323738663634343639313336306539636433653838383037343764383837323036336234
31626362326237366163663632333561663763306438383432643931663362326264626365663439
32336437663639633735373435386162313733653438646464616461386235633165626436326465
33346663333434623039343561633137633864343335653433336661633532613262386364636631
64373437366664383638313364326565633430636434636334646165393863613833393265323864
30373066643362626538303765363635366564306234356338306533396534346231356363373032
30306632376337333765656631356431303531636336323737623165373031656138616237343539
62663631613462633666636335323736323463343131316235623264306365616632343161653434
38656565663232656662336133393735323830633564366138643934633265653335353036323734
64343463386662386339373365363432616131333735643839323435383336643432383363326135
63363433393536363138323263303565353862356666623361636565613063373065646437326365
38306438653365323335343664353431636163623963646264653836343839313635323037613762
37303963656463653536633564313938613061366139313032643736383037613864613261373439
39623835616131383433316239356465653931303939333435343862393537626532623930333163
61343133333137386438646638303533656639623537613735663332613132656535343064616637
37393035643834623362616539373238303165316435313237343165366130363263613136623839
65613936353036326631303030303839646663326633333566383034613536396133666534343132
33363538353633333366343631613731623830376635303637373337383631643531303939396330
66636231663830373331653636666236353231373666393135313938323935623166326537633765
31326565613162386239386366306434356363656337623130613363663935393262633030306565
61616538653964323666323866623535336130356665633335616165666136616336393165633831
30613536343763373236643534326639656439346464386636646462313532363139363431393933
62663463363361343334363162626465626566346565353963653534383333346539353163353738
61613838373066363033376263343863313832643565663565363830636535626337343362633838
37386366333230663435313439613839303063353364363434656566303236613066306538623738
66643661636234643730353261333161636530343761666538343666333838336663626536323134
31663466666464653439616336313364393536313438323435373130396665363365656263316232
66386335336566336266316663356138613239313766656163613661663362366264643766396661
31633330343731336462356331373066336434336538343165343961333232383330636435396363
64373234306161326163633433653434643062376636353336336438656165643031633937323765
31343065623532306566313066663263643330616537383838663664383632623666373635666133
64396330363739393962666632313637613463626532303831323561306135613262393735636335
34646464356562623761363066383365393534393331633938333932303531623935613938343363
65333137326532323765396238323233386566363638303333616638313330366433626538346537
62636433653063663934613130383235633666353932366532306465656235356231303039353637
63386562613238363466326164666430653864383639326536613761323062616333653363636266
39346564353135633364363066393033316361613831336564623932656466343237613135373232
61396630663737306135383334653933323737623865353436656466383338333335663131643738
64616134653065633563663833613539376561363236656266356661626338366335326431353365
37643430663462363065376438633931656564333863653263323064346637373665643364363365
61343931353131613766663233643366353162353862383239313337653636353636366130633433
39643861313336343233353363346362303963663435656265636432623935666239346230613531
61353861383864326537633632623461636238306634303164316366343836613238336432343530
33353332396539353336623531646561353638383963376231323032323864336331373463646630
30656461656439316332363966323466343638303763336637663335363963356231626562313035
62646237313862326133363534633336323738616632383061393138303834333965343664376432
30623838313231396230626438663162666662313436326163343934663939363538313964653031
35633565333361393336666633373339363936646164313665643538356433323665346233626561
36663430313265366162323461326130363331313336303063393863366562333235616163316333
64393036316365366265313130376239333233316161343039656363383065643961346134353264
62333839623935356534363331613138626239313566386239323563323337626161666662303134
62346461316562363161393063313235356165373439373038383762393532373533633165313234
34666631646430356366663837393436636330636261363062656461326136373566623332616531
66383433666632333866323561663164363437643862376261333639373433353636373835363861
33653332346233313936636462353530376338396565666166306362653966363536343364393336
34333766353331393136633732303862373835383337393530393364373964353031653837353062
66623865373662333137376665663333356666653864393238646239666236343063383862303061
63306133336433303738343166303038613733336538303631313537346138383439306365613136
62383332613938393134306338613834313036636637356136303837656232306164306161373130
37656564616436346634656264616139656464323036666264303263393834373531393236313164
38333062333162343832306631666635653962653130376163643666646332343063623364323330
38386637343737383233346230393064666665326538613838643132316463643662333936356635
33633535616230356335386437383630333036363161653134653732663937626164343435383237
39383836313338323936653838373166633961366365633834666138316233343963373038376238
63396434336437316334393065383963323733663061643436356434306530326534303566356264
38346530396436363262376562653133393062353033663431363061656133343834626332613761
34383865613733303030313664383134356639653037343039396130306464333866653339623364
37623332643831643534383462336262353565646564613034316262323763313131663631366132
32326661613735653563303566393838316665333434396534376239653634626433323263646162
38333833373766656638333564383766663236616531656635386530303735393338623463306165
35333837313739346633643363633834656261313839616233666565373536633736623731636263
63663637613331636235373539663062663532663034646462653162333233303961316231316364
33396130386533346665393335313935396338353231366564633838633030333434323039333463
35393633393835396463306162666539343032313236616264313732313730646432306138396633
36363535313038323631326237383839333035373365356437323665366138333839623631623265
39373736333966333837646531616439383633643033333261636430313839646631333264343436
32383236373932396161653430313731646433383965353833373164366331323031376561363066
38393232326531343339336538656261316562653336336637656631633839623638303232366237
39323732666331643031666438353165353163323736336664316130306130663636653036333930
31393166653131366133306231373135303861393839393237663937313937643838663031656339
33663130643231313865393933333736663139333166366361396663363830313232633631613033
61386130343637323830646636613061323134303264323163393738666262353735396561313538
39363838626139396230343930653635363734353463663835373638393532363036346166366330
36653564613166623266366333373565663034623437383737353632396335303830386432633164
65633163383461623266643664366338373237393330363835613031393933376332336362616336
66613737333431393036383438366362666662386235316235616437316631663038613564386237
31643736353032623132353838626165336466306236346537366662383761323139646534623230
66333634316535313730373931343534633861643139326532613337313766303331353834626433
33326534303439623738383932366239383830383264656366633332616435336661633063356630
30306636646537356364336431353831633734303834636236636561623136343336383235393732
31393331353832313339333039343063306639323935343934383832333833663732396636383936
63363761353264306366386636666130373964333761303233346239633136633466376239366538
61613534323235343031616665396164393931633932393333653965386561346632616433663739
37386437333635306137636638313336353137393238646163626437356566343364646236353431
30636231336465383365643163393762623534306435643763383333323366346138346537323861
31633836616431616632376166333762396534616162656138363066323664353734646462346139
62333336656261366662386234313137363162343434396135323463346563643836656432616431
64353234396562623932323262373031623365303633323762663533336365323033386665646566
36343536306431393132396530643937396165663635336632366230663236373138366665363037
34663931656233383836623934356166313230616664376637666236383265343739313665663238
63366466373862306630643035646138313735353466616365396638646462633634323732663765
39653766383763316330666537363266666535376461633664636335383238636166613765646261
66333935343036373963316232613936306431323731366139333837636535333631333161626165
36633534653534656361376264656265663336376363633136336335313533376539333738306431
63613438663139356234313862663432653165326131316331613765336135616566653036643634
37333434393833636664623038313866373861636530313735616231643735386336366432626431
62353533353635636230306135653032656466336266303762313963633063643137616232633538
36656663323662306663353437376566323961396235313865653537333364346531353539653933
37323030313962346535636266333166303665336133323330636431616236303164646138336635
62626666316634363764376232323265656230316463366462626139623338306436363138663466
35346232333836333836663365666637323461303831333766393135626531316133383762353638
37623065333835303136613837313737653336306635313139643032343334393666366134323961
64303066653830313961636234633266313136383834616662653762616461383165653030663235
61393432633265383562353234333664353532343938643564333261316161323463306362623436
66373438653161616336316539626335363666633766623236316130303835393466616431303237
36383961623863323066633930663937306432316432333161633234623763663232326538306438
39613237303538386435306230383863653864366661663636386266316531666635626435396639
66343461396433383938356230373131656264393066386436303835306666396435633064343632
66353165626533616362313763366630363164303234656563333331396331656238313830326530
66383537396336313631656231363636393066326662633334396562373732353061373337613261
34316335663538333864303039623434383765323834636333373563353638626236313131613966
34626339313334643530663962333863343032313266656132613136623037356366353934343532
65636435643265303561303436393131343135663336353832376538373661316664623139633430
66313736313334303061366638373163336239656165303433366462626439393134613931383363
33306232323164313136636465386130643464303563303637316666313663396339656237313133
31343536303563353864306464663434326561383635656432343535643763623432653832306230
65383938653935613562393538306366626262373931663061316361346564623438643634303731
353037633863366539323038626434623936
